SALARY ARE GIVEN BELOW
THESE ARE NUMBER ENCRYPTED
1138413
1614865103
16468
151
1681351
01
681312564841
5135
1841
8468121
68
16
51126513684
84
612
126
952
62
6+
2
2+6
4+5
+98458+
4+6
6
1+6
126
24
5+65268
+26
+
146
484646+5
824383245
86878728763782
78

8737828724
28
787827887
2
78
373788784168
58854513
8143518417
746491463131
14464131473
86468461506156
1138413
1614865103
16468
151
1681351
01
681312564841
5135
1841
8468121
68
16
51126513684
84
612
126
952
62
6+
2
2+6
4+5
+98458+
4+6
6
1+6
126
24
5+65268
+26
+
146
484646+5
824383245
86878728763782
78

8737828724
28
787827887
2
78
373788784168
58854513
8143518417
746491463131
14464131473
86468461506156
1138413
1614865103
16468
151
1681351
01
681312564841
5135
1841
8468121
68
16
51126513684
84
612
126
952
62
6+
2
2+6
4+5
+98458+
4+6
6
1+6
126
24
5+65268
+26
+
146
484646+5
824383245
86878728763782
78

8737828724
28
787827887
2
78
373788784168
58854513
8143518417
746491463131
14464131473
86468461506156
1138413
1614865103
16468
151
1681351
01
681312564841
5135
1841
8468121
68
16
51126513684
84
612
126
952
62
6+
2
2+6
4+5
+98458+
4+6
6
1+6
126
24
5+65268
+26
+
146
484646+5
824383245
86878728763782
78

8737828724
28
787827887
2
78
373788784168
58854513
8143518417
746491463131
14464131473
86468461506156
1138413
1614865103
16468
151
1681351
01
681312564841
5135
1841
8468121
68
16
51126513684
84
612
126
952
62
6+
2
2+6
4+5
+98458+
4+6
6
1+6
126
24
5+65268
+26
+
146
484646+5
824383245
86878728763782
78

8737828724
28
787827887
2
78
373788784168
58854513
8143518417
746491463131
14464131473
86468461506156
1138413
1614865103
16468
151
1681351
01
681312564841
5135
1841
8468121
68
16
51126513684
84
612
126
952
62
6+
2
2+6
4+5
+98458+
4+6
6
1+6
126
24
5+65268
+26
+
146
484646+5
824383245
86878728763782
78

8737828724
28
787827887
2
78
373788784168
58854513
8143518417
746491463131
14464131473
86468461506156
1138413
1614865103
16468
151
1681351
01
681312564841
5135
1841
8468121
68
16
51126513684
84
612
126
952
62
6+
2
2+6
4+5
+98458+
4+6
6
1+6
126
24
5+65268
+26
+
146
484646+5
824383245
86878728763782
78

8737828724
28
787827887
2
78
373788784168
58854513
8143518417
746491463131
14464131473
86468461506156
1138413
1614865103
16468
151
1681351
01
681312564841
5135
1841
8468121
68
16
51126513684
84
612
126
952
62
6+
2
2+6
4+5
+98458+
4+6
6
1+6
126
24
5+65268
+26
+
146
484646+5
824383245
86878728763782
78

8737828724
28
787827887
2
78
373788784168
58854513
8143518417
746491463131
14464131473
86468461506156
1138413
1614865103
16468
151
1681351
01
681312564841
5135
1841
8468121
68
16
51126513684
84
612
126
952
62
6+
2
2+6
4+5
+98458+
4+6
6
1+6
126
24
5+65268
+26
+
146
484646+5
824383245
86878728763782
78

8737828724
28
787827887
2
78
373788784168
58854513
8143518417
746491463131
14464131473
86468461506156
1138413
1614865103
16468
151
1681351
01
681312564841
5135
1841
8468121
68
16
51126513684
84
612
126
952
62
6+
2
2+6
4+5
+98458+
4+6
6
1+6
126
24
5+65268
+26
+
146
484646+5
824383245
86878728763782
78

8737828724
28
787827887
2
78
373788784168
58854513
8143518417
746491463131
14464131473
86468461506156
1138413
1614865103
16468
151
1681351
01
681312564841
5135
1841
8468121
68
16
51126513684
84
612
126
952
62
6+
2
2+6
4+5
+98458+
4+6
6
1+6
126
24
5+65268
+26
+
146
484646+5
824383245
86878728763782
78

8737828724
28
787827887
2
78
373788784168
58854513
8143518417
746491463131
14464131473
86468461506156
1138413
1614865103
16468
151
1681351
01
681312564841
5135
1841
8468121
68
16
51126513684
84
612
126
952
62
6+
2
2+6
4+5
+98458+
4+6
6
1+6
126
24
5+65268
+26
+
146
484646+5
824383245
86878728763782
78

8737828724
28
787827887
2
78
373788784168
58854513
8143518417
746491463131
14464131473
86468461506156
